66444023234885
66443392090437
66414504411461
66412209144133
66411637801285
66410365452613
66410259022149
66410016899397
66405557666117
66404339286341
66404330373445
66403900784965
66402781954373
66402451161413
66398445011269
66397900046661
66397483991365
66396837249349
66396370567493
66395695874373
66394279543109
66393057591621
66392415240517
66391576936773
66391348642117
66391026598213
66390798401861
66390705111365
66390333980997
66390218506565
66390177775941
66389917368645
66389900886341
66389811724613
66388047069509
66388056506693
66386950095173
66386467946821
66384943644997
66384891707717
66308965663045
66379906646341
66378052337989
66376268742981
66376014266693
66373506597189
66370694611269
66369569456453
66366045749573
66363455078725
66363361198405
66363167637829
66363086405957
66361768313157
66361535627589
66347850957125
66347840307525
66347703730501
66346450813253
66345107849541
66343064535365
66339604365637
66342421168453
66342272401733
66342034735429
66340367860037
66340145496389
66340107485509
66338545041733
66333770645829
66337355956549
66330320372037
66336022659397
66335799836997
66335310840133
66334289297733
66332382298437
66332324135237
66331739160901
66330498597189
66329662390597
66329556091205
66329391104325
66326800138565
66326262972741
66326136750405
66325381120325
66325108392261
66324777238853
66324495860037
66324359315781
66324051132741
66323911016773
66322703089989
66321896800581
66321659330885
66320798515525
66320623599941
66320391438661
66317614186821
66317432422725
66317238174021
66317102842181
66317072433477
66316929073477
66316673941829
66316511510853
66316355764549
66316062851397
66315679859013
66315565990213
66315556094277
66315456905541
66315382653253
66279443726661
66315088658757
66314447913285
66314426679621
66314416259397
66313253519685
66304079003973
66302658937157
66295965811013
66295609557317
66295467934021
66293668512069
66293466530117
66293257863493
66292900987205
66292771586373
66292647559493
66287786918213
66287756869957
66285959872837
66285394526533
66280421523781
66279271072069
66275305488709
66265947210053
66265207931205
66265104089413
66265076859205
66265045500229
66264537301317
66264437522757
66264178327877
66262367797573
66260641153349
66260369965381
66259357204805
66259214205253
66259070255429
66259047285061
66258943344965
66258933088581
66258909102405
66253573914949
66248333033797
66245747376453
66240307724613
66240201392453
66238838243653
66233888178501
66229600321861
66229560344901
66228004585797
66226637766981
66226606768453
66226359861573
66224590651717
66224390373701
66223679897925
66222659535173
66196178370885
66196165689669
66196152156485
66190221738309
66181520589125
66176219545925
66175738609989
66175165694277
66175165104453
66175163760965
66170228900165
66170202390853
66163365609797
66160531800389
66160501522757
66157059375429
66157049741637
66157046497605
66157045678405
66157046071621
66151373078853
66129705173317
66144972964165
66141845946693
66141728211269
66141697868101
66141682565445
66141664051525
66141608149317
66141589438789
66141033070917
66133081456965
66129897849157
66113703903557
66113703903557
66124250775877
66119186022725
66119186022725
66118944031045
66118928433477
66118889865541
66113675657541
66108207694149
66113609761093
66113600782661
66112334299461
66108106244421
66108101624133
66107948990789
66107648803141
66098388107589
66089850011973
66086433915205
66084821172549
66084662608197
66084507058501
66084150575429
66083889971525
66083198173509
66082682011973
66082185675077
66081843183941
66080990200133
66079047450949
66077443883333
66072441913669
65984566198597
65984566198597
66067965575493
66067496927557
66060237930821
66059793367365
66059494064453
66059461427525
66059107303749
66058880745797
66058801283397
66058686792005
66058064232773
66057981854021
66057784394053
66049248166213
66047706693957
66047233917253
66047170806085
66044725133637
66019140403525
65999493431621
65998859764037
65997015449925
65995458707781
